Version 0.9.7
6
 4 5 77 77 128 0 1
 5 743 488 206 81 2 2
 0 106 283 877 276 8 3
 3 926 569 203 58 140 4
 1 211 125 206 81 149 5
 0 982 284 877 276 159 6
 0
49
 0 5 66 91 66 91 66 136 66 136 226 136 226 136 0 1 0 5
 16777215 5 66 190 66 190 66 194 66 194 226 194 226 194 0 1 0 5
 16777215 5 66 177 66 177 94 177 94 531 159 531 159 531 0 1 0 3
 0 5 66 104 66 104 159 104 159 104 159 310 159 310 0 1 0 3
 0 5 172 310 172 310 172 310 172 388 172 388 172 388 0 3 0 3
 0 5 263 388 263 388 263 388 263 310 263 310 263 310 0 3 0 3
 0 5 354 388 354 388 354 388 354 310 354 310 354 310 0 3 0 3
 16777215 5 250 453 250 453 250 453 250 531 250 531 250 531 0 3 0 3
 16777215 5 341 453 341 453 341 453 341 531 341 531 341 531 0 3 0 3
 16777215 5 432 453 432 453 432 453 432 531 432 531 432 531 0 3 0 3
 255 5 305 136 305 136 305 13 187 13 187 388 185 388 0 5 0 3
 8388608 5 198 388 198 388 198 280 278 280 278 388 276 388 0 3 0 3
 65535 5 267 136 255 136 255 221 289 221 289 388 289 388 0 5 0 3
 255 5 305 149 305 149 309 149 309 388 315 388 315 388 0 5 0 3
 4227327 5 286 136 286 136 286 69 315 69 315 388 328 388 0 5 0 3
 16744576 5 302 388 300 388 300 245 367 245 367 388 367 388 0 3 0 3
 12615808 5 341 388 341 388 341 228 380 228 380 388 380 388 0 3 0 3
 0 5 471 310 471 310 471 310 471 388 471 388 471 388 0 3 0 3
 0 5 653 388 653 388 653 388 653 310 653 310 653 310 0 3 0 3
 16777215 5 549 453 549 453 549 453 549 531 549 531 549 531 0 3 0 3
 16777215 5 640 453 640 453 640 453 640 531 640 531 640 531 0 3 0 3
 16777215 5 731 453 731 453 731 453 731 531 731 531 731 531 0 3 0 3
 65535 5 484 388 484 388 484 27 260 27 260 149 267 149 0 3 0 5
 0 5 562 388 562 388 563 388 563 310 562 310 562 310 0 3 0 3
 10485760 5 497 388 497 388 497 238 576 238 576 388 575 388 0 3 0 3
 33023 5 286 149 291 149 291 94 510 94 510 388 510 388 0 5 0 3
 16744576 5 523 388 523 388 523 220 588 220 588 388 588 388 0 3 0 3
 255 5 305 162 305 162 305 53 536 53 536 388 536 388 0 5 0 3
 16711808 5 549 388 549 388 549 195 614 195 614 388 614 388 0 3 0 3
 33023 5 286 162 296 162 296 118 627 118 627 388 627 388 0 5 0 3
 12615680 5 601 388 601 388 601 180 666 180 666 388 666 388 0 3 0 3
 16744448 5 640 388 640 388 640 160 679 160 679 388 679 388 0 3 0 3
 8421440 5 393 388 393 388 393 627 972 627 972 613 972 613 0 3 0 4
 8421440 5 692 388 692 388 692 368 992 368 992 613 992 613 0 3 0 4
 0 5 926 310 926 310 926 391 1035 391 1035 311 1035 311 0 3 0 6
 16777215 5 926 531 926 531 1035 531 1035 531 1035 532 1035 532 0 3 0 6
 16777215 5 1802 532 1802 532 1802 606 1802 606 937 606 937 606 0 6 0 4
 65535 5 324 136 333 136 333 155 783 155 783 388 783 388 0 5 0 3
 0 5 770 310 770 310 770 310 770 388 770 388 770 388 0 3 0 3
 16777215 5 848 453 848 453 848 453 848 531 848 531 848 531 0 3 0 3
 8421440 5 796 388 796 388 807 388 807 613 1012 613 1012 613 0 3 0 4
 0 5 874 388 874 388 874 388 874 310 874 310 874 310 0 3 0 3
 16777215 5 913 531 913 531 915 531 915 453 952 453 952 453 0 3 0 3
 16777215 5 1048 532 1048 532 1087 532 1087 532 1087 454 1087 454 0 6 0 6
 0 5 1048 311 1048 311 1011 311 1011 389 1009 389 1009 389 0 6 0 6
 255 5 362 136 362 136 887 136 887 136 887 388 887 388 0 5 0 3
 8388672 5 900 388 900 388 900 344 1022 344 1022 389 1022 389 0 3 0 6
 65535 5 1035 389 1035 389 1035 171 324 171 324 149 324 149 0 6 0 5
 65280 5 1032 613 1032 613 1043 613 1043 389 1048 389 1048 389 0 4 0 6
12
 7074 1 14 1146 402 5 0 8583336 14974480 6
 7004 1 14 166 401 5 0 8583336 14974480 3
 7008 1 14 257 401 5 0 8583336 14974480 3
 7032 1 14 348 401 5 0 8583336 14974480 3
 7004 1 14 465 401 5 0 8583336 14974480 3
 7008 1 14 556 401 5 0 8583336 14974480 3
 7032 1 14 647 401 5 0 8583336 14974480 3
 7004 1 14 764 401 5 0 8583336 14974480 3
 7004 1 14 868 401 5 0 8583336 14974480 3
 7008 1 14 1003 402 5 0 8583336 14974480 6
 7074 1 14 1237 402 5 0 8583336 14974480 6
 7074 1 14 1328 402 5 0 8583336 14974480 6
